0.00585929
0.385721
0.0767353
0.992661
0.527809
0.312434
0.31309
0.355738
0.127836
0.314219
0.429132
0.898424
0.402414
0.161771
0.519996
0.804629
0.305781
0.880663
0.247952
0.121718
0.916505
0.577704
0.55564
0.121489
0.901628
0.610693
0.699925
0.500008
0.505363
0.853487
0.481545
0.305278
0.847933
0.120527
0.839144
0.549247
0.705922
0.889787
0.841052
0.673223
0.764347
0.687413
0.686727
0.642095
0.741062
0.173917
0.309474
0.12068
0.849062
0.193921
0.609732
0.637441
0.438561
0.51136
0.243267
0.817233
0.125013
0.130735
0.502663
0.677938
0.070815
0.60784
0.514457
0.444604
0.904115
0.772358
0.208111
0.532112
0.592124
0.492897
0.0431817
0.811679
0.763996
0.664602
0.203976
0.263332
0.121458
0.899644
0.481758
0.319163
0.750477
0.785861
0.0858599
0.585761
0.079314
0.160276
0.422799
0.486824
0.648443
0.153654
0.992355
0.507973
0.0230862
0.50547
0.86043
0.932817
0.637945
0.471291
0.638784
0.52584
